9787100101899
9787208136984
9787536929463
9789862351833
9789862354155
9789577029706
9787801864284
9789862355442
9789869349116
9789866097928
9787516601211
9789571186597
9789576942341
9787100098656
9789868507494
9789868507487
9789576942013
9789575603496
9787010037516
9787010037523
9787010038292
9787010034416
9789867174710
9789571119731
9789571144115
9787532934423
9789861371955
9789861204666
9789571456324
9789861548005
9789861734088
9789573326847
4717702085650
9787535769817
9789574302253
9789868371101
9789868371187
9787010071572
9787308078627
9789575510022
9787309020960
9789571128603
9789576031526
9789576031625
9789576032394
9787543935853
9789576030352
9787543935822
9789573326052
9789573254515
9787010040585
9787100017275
9787300139838
9789570826944
9789570520729
9789576031427
9789576031892
9789576031298
9789574144143
9789576935695
9789576935701
9789575101336
9789570847147
9789862132432
9789862132432
9789862132432
9789864790173
9789576031656
9789576031656
9787563345236
9789571354507
9789576213236
9789576213236
9787542635402
9787542635402
9789576030505
9787532640799
9787532640980
9787532641239
9787303171699
9789862215296
9789860382402
9787504181312
9787535564283
9787010157610
9789865671907
9789861247991
9789576031205
9789576031205
9787547004234
9787108042699
9789864178155
9789869296120
9789571182186
9787807456971
9787807456964
9789571150246
9789577302700
9789577027122
9789577026019
9787301171332
9787100008464
9789866098765
9789571174846
9789866858086
9789577324023
9789577324030
9789573266501
9789575517038
9789570514476
9789864174850
9789862162316
9789862162309
9789576032905
9789574965748
9789866095030
9789576945304
9787216077514
9787500458838
9789867401168
9789574833184
9789577020154
9787309062472
9787309062489
9789861570297
9789865865351
9787306037763
9787302295037
9787030239495
9787030239495
9789576942310
9789864175185
9787307065260
9787030225085
9787030225085
9787030225085
9787040258387
9787040258394
9787040258394
9787040258400
9787040258424
9787040258424
9787111227908
9789572079171
9789866727467
9789571121512
9789571138749
9787309059823
9789576031250
9789576031267
9789578132245
9789861251257
9787543935945
9789571429557
9789571429564
9789576030321
9789578138735
9789578139688
9789578139930
9789574600557
9789574602452
9789574602551
9789867567314
9787543935914
9789570832303
9789576217067
9787562137641
9787562137641
9787532361731
9787532361748
9787532361755
9787532361724
9787040378207
9789864560226
9789864176762
9789864176779
9789864176786
9789864176793
9789864176809
9789862161456
9789862161463
9789862161487
9789862161470
9789862161494
9789862161500
9789571144054
9789571107387
9789861504476
9789577023735
9787801337290
9789861237671
9789571155630
9789571106212
9789571112039
9789571112039
9789861215853
9789577248398
9789863840770
9789862728420
9787300225937
9787101097436
9787010144351
9787010134185
9787309042597
9789577323453
9787504348791
9787101097290
9789576945106
9789571180717
9789861548173
9789570841190
9789570841190
9789865918958
9787543938403
9789571452173
9787301031032
9789571154336
9789571155272
9789571154343
9787562248910
9787561527672
9789579325424
9789570453744
9789866614354
9789571457369
9789861341897
9789570524116
9789575992477
9789576942129
9789576031304
9789575991074
9789575991074
9789576030710
9789576030123
9789576940613
9789576032639
9787560344874
9789576943546
9787544729833
9787560326870
9789578840362
9787040384970
9789571133812
9789577021977
9787543552562
9787303084593
9787302231820
9789577029164
9787561790106
9789573225362
9789578555563
9789571151182
9789571162690
9789578144811
9789577025371
9789577025371
9789577026224
9789571109930
9787807457510
9789861911274
9789579617017
9789579617017
9789866094781
9787040090987
9789577303967
9789573233251
9789571114460
9789574833580
9787562446491
9789862167311
9787303090143
9789578555839
9789571449333
9789571142579
9787303086252
9789571117850
9789578186385
9787100021784
9789576030499
9789862723531
9789863758006
9789575995690
9787111330950
9789868133235
9789575125981
9787534384646
9787534384646
9787544520126
9787010117966
9787101097498
9787544729703
9789571504223
9789571504230
9787010156200
9787562221197
9787561473023
9789570802177
9787010154381
9787553420363
9787307103313
9787100090902
9787567517226
9787516140048
9787303167890
9789571156620
9787563353453
9787563353453
9787300068633
9789867420176
9787040288957
9787040309188
9787541558290
9789578453968
9787544732765
9789866816710
9789865813789
9789573234326
9789575997731
9789862163559
9789862163559
9789866525247
9789860402063
9789571166551
9789571142043
9789573278856
9787807451624
9789571150659
9787562522812
9787541558283
9789861575605
9789861225494
9789861225500
9789861225500
9789574938650
9789861334684
9789570836127
9789575101312
9787030280237
9787532763450
9789865810443
4717702054120
9789571135090
9787502448097
9789867762450
9787100068932
9789571128429
9787100005203
9787308065368
9789576031465
9789861675824
9789861246826
9787501190812
9787107228872
9789576031410
9789576030246
9787501190324
9787801703637
9789866272103
9789866272103
9789571186986
9789571363189
9787546330938
9787546330945
9787546330952
9789576031472
9789573254928
9789576030437
9789576030161
9789865797713
9789867840059
9787504164964
9789861841205
9789571421964
9789866475146
9789869189750
9789576618970
9789576031144
9789576031366
9789576031991
9789574834372
9789861371559
9787560334165
9787560334158
9789861341965
9789861341965
9789571138343
9789575748821
9789573270430
9789577027719
9789573049524
9789576945922
9789867553393
9789571461410
9789574830916
9789577023308
9789864171583
9789574934638
9789576030017
9789574444045
9789571145112
9789571501109
9789574830220
9789862350959
9789571147178
9789576030024
9789862163535
9789862166635
9787561732694
9787561732694
9789577295682
9789571450650
9789572949108
9787550217454
9787108035165
9789573271376
9787309070248
9789577025692
9789577322784
9789867840981
9789571453170
9789571453170
9789570516234
9787040447378
9787309044546
9787309044546
9789578953734
9789576031397
9787511211378
9789570839487
9789573320678
9789573072201
9787534383977
9787504123596
9787535286116
9787208107106
9789576942112
9789866079832
9789866079825
9787504134257
9787561150146
9789861737737
9789862137161
9787807132790
9787516100349
9787567509665
9787532071166
9787312027086
9787100027625
9787543525313
9787535718570
9787561150085
9787543551626
9787543551626
9787115232045
9787810641562
9787561140727
9787532638598
9787535778772
9787810269247
9787505933576
9787543525337
9787543557574
9787533863326
9787561138359
9787113100865
9787560326405
9787030217974
9787030170170
9787810397070
9787100094764
9787560326399
9787562255741
9787543557307
9787561724606
9787561724606
9787040241686
9787301143858
9787543525252
9787561325650
9787532098309
9787532098309
9787040123456
9787040155389
9787534352652
9787810819541
9787040123500
9787040123500
9787543525351
9787543531796
9787562217114
9787040119961
9787536933859
9787543551640
9787544436212
9787534317064
9787040123517
9787303058587
9787303058587
9787543553200
9787544431293
9787561140512
9787301196762
9787542849816
9787010061764
9787539236247
9787560324104
9787030133977
9787030133977
9787561343661
9787040401523
9787308036207
9787301139233
9787301139233
9787561517550
9787303050277
9787560326375
9787561150184
9787566405555
9787040086126
9787040238907
9787040238907
9787302188506
9787030278838
9787540834135
9787544424981
9787543525276
9787543551633
9787301146811
9787301204320
9787562330851
9787560326368
9787560326382
9787561142974
9787115237705
9787568501484
9787568501484
9787309044539
9787542843739
9787100033831
9787100037877
9787303113873
9787309064605
9787100092609
9787534380907
9787560331423
9789867747587
9787542848000
9789573267898
9789576033087
9789576030130
9789571431284
9789577765888
9789574120369
9789577027306
9789576030574
9789571145648
9789576940392
9789866614279
9789571184494
9789576031113
9789576944796
9789576944802
9789576944789
9789573259671
9789576940965
9789576940224
9789576940231
9789576940248
9789576030192
9789578997486
9789576522659
9789576032004
9789576031489
9789578134799
9789571160719
9787549910496
9789866369414
9789576031243
9789577023063
9787560916453
9789578130494
9789576031564
9789571205380
9789571129181
9789570903744
9789861360829
9789866414978
9789578131965
9789866651830
9789571205472
9789576373787
9789577022424
9789866097898
9789866097010
9789865779450
9789869283748
9789865779795
9789865779795
9789865779580
9789869317870
9789865779955
9789866097416
9789571436395
9789575998318
9789576032424
9789576944833
9789576944833
9789576032424
9789576941894
9789571203720
9789571203720
9789576032400
9789576032400
9789574836741
9789576219559
9789576219566
9789576219573
9789576031663
9789577246837
9787810619035
9789576031199
9789571145747
9789572903346
9789576940569
9789576030840
9789867553973
9789576031748
9789576031748
9789571177717
9789576031922
9789576033018
9789571803463
9789570520712
9789570516920
9789865842901
9789579012157
9789622019638
9789576945236
9787301222348
9789570907988
9787567514904
9789864176038
9789866488856
9789866488863
9789864173006
9789864173464
9789864173860
9789862160541
9789576032066
9787100032391
9789866874154
9789576030185
9789861775630
9789861775647
9789868001527
9789861776699
9789861776682
9789861776705
9787115186935
9789571122274
9789577024947
9787111403296
9789868134072
9789868134065
9787030325709
9787030325709
9789576095320
9789574116645
9789867260420
9789866557385
9789866557392
9789571136424
9789867881533
9789862721612
9789867881342
9789571179988
9789574682232
9789577765154
9789867881311
9789867881243
9789866702419
9787538441987
9789864177752
9789864177769
9789864177776
9789864177783
9789573319634
9789868200333
9789574833108
9789574832699
9789574832910
9789576030727
9787101097870
9787309117462
9787508071220
9787030323101
9787300168470
9789576940910
9789862412046
9789866614002
9789571175584
9789576390838
9789578453241
9789629960902
9789860256727
9789868458208
9789576943768
9789576943980
9789576943997
9789571363288
9787100004992
9789866745027
9789866745027
9789867041203
9787501190461
9787540452117
9787303180387
9787303180387
9787547405123
9787532638871
9787568501507
9787504147875
9787303110865
9787303110865
9789867581518
9789862724316
9789576946059
9787100099394
9789862163443
9789576941856
9789576942457
9789576942426
9789570517613
9789576942617
9789866923944
9787121200830
9787553900827
9787210040095
9787100094023
9787100094023
9787300095349
9787807455639
9787303081691
9787561351239
9787532756773
9787100111478
9787100111461
9787506287104
9787010139081
9789579272346
9789570524109
9789571128443
9789868056541
9789863600077
9789863600084
9789863600060
9787010111537
9789571442259
9789571441337
9789577024640
9789575452247
9787506068543
9789571928807
9789570514810
9789571408637
9789868938595
9789571439433
9789576945199
9789866745560
9789862353608
9789576554483
9789868133259
9789868385306
9789868133273
9789868133280
9789868133297
9789868133266
9789865890964
9787544410649
9787544410649
9787040069853
9787303106318
9787303106318
9787563386741
9787563386741
9787040312805
9787300131047
9787030208354
9787040262711
9787040262711
9789576031434
9789573269106
9789573269113
9789867574077
9789571500829
9789574832392
9789861227719
9789861227870
9789861227870
9787030287113
9789571436968
9789571173627
9787208100251
9789862351635
9789571356655
9787802237025
9789865797188
9787504186393
9787542831170
9787542831170
9787040249156
9787301139561
9787308077606
9789861912493
9787301217023
9789861732510
9789573037262
9789577026958
9789577026958
9789574832545
9789571421612
9789576365102
9789576365102
9789864060511
9789571455488
9789576033070
9787040225419
9787504344601
9787040150810
9789578138742
9789867567222
9789867567246
9789571122298
9789576394683
9789571132600
9789570420159
9789571449807
9789866624032
9789571172460
9789571458519
9787504143266
9787208057524
9787532828906
9787532828906
9787561139486
9787562212843
9787561732700
9787561732700
9787504153364
9789862355435
9789862355435
9789573268574
9789571154725
9789571154725
9789577024282
9789571129846
9789577025739
9789577480965
9789577027115
9789578147935
9787532086146
9789575600709
9789865880965
9789865880972
9787561146392
9789575700676
9789571173054
9789571173054
9789571173054
9789866614408
9789570837810
9787101075649
9787101074444
9789861575131
9789576945953
9789866031359
9789866024443
9789570833201
9789862281611
9789576944819
9789576944819
9787030250414
9787030250414
9789866551307
9789571154800
9789575557737
9787561790861
9789576079429
9787115261557
9787115271068
9787115280411
9789571186399
9789862166192
9789862160084
9787507425154
9789571117607
9789867138613
9789577023315
9787535732705
9787536682603
9787301166871
9787208137677
9789571454887
9789863206200
9789576941634
9789576030772
9789574447138
9789574447404
9789574446698
9789573265757
9789574446957
9789579565561
9789571069340
9789576940934
9787030200617
9787100100724
9787510048616
9787514301168
9787501194940
9789571134710
9789861732886
9787530657065
9787100106283
9787535553652
9789622018372
9787301258972
9787122157607
9789629963880
9789867879837
9789570506112
9789575212971
9789865671099
9789867177063
9789575992354
9789862513958
9789862954546
9789571130613
9789571150390
9789576614651
9789571500195
9789571148137
9789573037279
9789863770442
9789574503810
9789864771547
9789570918755
9789571901930
9789575998424
9789864171934
9787543068773
9789576944413
9789868271265
9789868271265
9787309053975
9789571156255
9789571451930
9789576615412
9789867840134
9787312032035
9789570523195
9787030303530
9787030299611
9787030301116
9787500416159
9787500416159
9787510060236
9789571439815
9787515403472
9789576682025
9787810706193
9789577028723
9789570502688
9789571500867
9789576030284
9789571157153
9787040177619
9787303006441
9787030218971
9789576030079
9789861912097
9787543552555
9789866043635
9789868001510
9787547301289
9789865797676
9789577029485
9787532389315
9789577063625
9787544717861
9789578145757
9787030250407
9789862134481
9789578468511
9787030348302
9789576032592
9789579159241
9787544421232
9780131273160
9780534926120
9787302344001
9780669339079
9789864172252
9789868271753
9780131246836
9789570814118
9789574423903
9780201002881
9780805819793
9780486241043
9780486241043
9780471662938
9780471662938
9789861203973
9780801489815
9789866452383
9780452288119
9780534404994
9780415960472
9780415487412
9789574997572
9789574422470
9789573231448
9780131784499
9780195130874
9780195130874
9780471644545
7013-01
21700012
101080100021
101080100021
101080300031
101080300031
101080400041
101080500041
101080500041
101080500041
101080600051
101080600051
101080600051
3813000001017
8782776030147
9789862169650
9789866379550
9789865842802
9789862623138
9787030280237
9787550217454
9787312032035
9787560068039
9787544335935
9789864172269
9789862163450
9787115271068
9789861237671
9789571446189
9789866139048
9789571450650
9789575101336
9789861675824
9789575606749
9789576394683
9789574444489
9787504344601
9787543935914
9789866829345
9789867586858
9789579159241
9789574445844
9789576393952
9787801864284
9789866139048
9789579489928
9787562446491
9789577024640
9789577303967
9789570911893
9789578186385
9789571449333
9787303086252
9789571149059
9789867480767
9787504134257
9787504181312
9789573231448
9789577324009
9789577323453
9787567528796
9789867854667
9789867854605
9789575517410
9789577025432
9789868202771
9789573279266
9789865842796
9787115280411
9787040288957
9789570517613
9789862166635
9789579085502
9787543068773
9789575603427
9789570814118
9787504348791
9789867600790
9789867475657
9789574443697
9787801864284
9787538441987
9789867840080
9789576598302
9789571439488
9789571117850
9789868312319
9789578555839
9787504153364
9787504164964
9789865842789
9789862132432
9789864172252
9787111330950
9789575603496
9787543935822
9789574444045
9789571403212
9789571128467
9787303090143
9789629963880
9789573249245
9789862169650
9789866379550
9789865842802
9789862623138
9787030280237
9787550217454
9787312032035
9787560068039
9787544335935
9789864172269
9789862163450
9787115271068
9789571446189
9789866139048
9789575101336
9789861675824
9789575606749
9789576394683
9789574444489
9787504344601
9787543935914
9789866829345
9789867586858
9789579159241
9789574445844
9789576393952
9787801864284
9789866139048
9789579489928
9787562446491
9789577024640
9789577303967
9789570911893
9789578186385
9789571449333
9787303086252
9789571149059
9789867480767
9787504134257
9787504181312
9789573231448
9789577324009
9789577323453
9787567528796
9789867854667
9789867854605
9789575517410
9789577025432
9789868202771
9789573279266
9789865842796
9787115280411
9787040288957
9789570517613
9789862166635
9789579085502
9787543068773
9789575603427
9789570814118
9787504348791
9789867600790
9789867475657
9789574443697
9787801864284
9787538441987
9789867840080
9789576598302
9789571439488
9789571117850
9789868312319
9789578555839
9787504153364
9787504164964
9789865842789
9789862132432
9789864172252
9787111330950
9789575603496
9787543935822
9789574444045
9789571403212
9789571128467
9787303090143
9789577322951
9789629963880
9789573249245
9789574961504