9789862169650
9789865957483
9789573279266
9789576632211
9789866379550
9789865842789
9789865842802
9789865842796
9789869328104
9789869250764
9789862623138
9789869384452
9789863202530
9789575749361
9789571111858
9787030280237
9789571102856
9789571113364
9789575899813
9789575899813
9789575899813
9789575898618
9789575898618
9789575898618
9789861239804
9789861239804
9789861239989
9789861239385
9789861239385
9789861239989
9787115280411
9787550217454
9789862132432
9787312032035
9789572150030
9787040288957
9787560068039
9787535732705
9789862416914
9789572150030
9787544335935
9789570517613
9789864172269
9789575298005
9789571187136
9789864172252
9789570526837
9789577766991
9789577767035
9789865779986
9789862163450
9789869149778
9789571186955
9789862166635
9789864770922
9789869371940
9789863330158
9789863330028
9789863330028
9789863330158
9789574483716
9789574483716
9789574483549
9789574483549
9789574483501
9789574483358
9787115271068
9789574483358
9789861239644
9789861239644
9789861239439
9789861239439
9789861237671
9789861237671
9789861237008
9789574483785
9789574483785
9789574483778
9789574483778
9789575658793
9789868141674
7013-01
9789579085502
9789867484307
9789867153579
9789571446189
9787111330950
9789861573885
9789574193691
9789866139048
9789578663749
9789860275858
9789866433153
9787801864284
9789571450650
9787543068773
9789579263054
9789862410493
9789575101336
9789862281611
9789867027160
9789861675824
101080500041
101080600051
9789571069340
9789575603427
9789575606749
9789575603496
9789576394683
9789570814118
9789574444489
9789575600563
9789575600709
9789579486576
9789862724163
9787504344601
9787504348791
9787543935914
9787543935822
9789866829345
9789576002540
9789867600790
9789573265757
9789574551163
9789574925841
9789574440658
9789867586858
9789867475657
9789579159241
9789868109605
9789574444045
9789574445844
9789574443697
9789574444571
9789574440634
9789576393952
9789860361285
9789571450650
9787801864284
9789866433153
9789860275858
9789578663749
9789866139048
101080500041
101080600051
101080100021
9787538441987
101080100021
101080300031
101080400041
101080300031
101080600051
101080500041
9789576615085
9789866624674
9789571436487
9789571455945
9789579489928
9789867840080
9789572995310
9789572995327
9799572995302
9789578149717
9789571110400
9789570913941
9789576598302
9789868149366
9787562446491
9789571106397
9789571441337
9789579617673
9789577024640
9789571439488
9789571105192
9789579489249
9789571403212
9789579804752
9789577303967
9789576614743
9789571107080
9789570911893
9789571142579
9789578146112
9789571117850
9789571181929
9789867840363
9789577024503
9789579617437
9789578186385
9789575553470
9789571449333
9789868312319
9789866624582
9789571128467
9789577481566
9789578555839
9787303086252
9789574963393
9789571136547
9789867840882
9789571149059
9789866624964
9789867480767
9787504153364
9787504134257
9787504143266
9789578147812
9787504164964
9787504181312
9787303090143
9789573231448
9789575517038
9789577025616
9789579489850
9789577323064
9789571105772
9789577300188
9789577322951
9789577324009
9789577321961
9789577323453
9789629963880
9787567528796
9789574965380
9789867854667
9789866723919
9789867854605
9789573249245
9789861910147
9789571109930
9789571135595
21700012
9789575517410
9789868266759
9789574961887
9789574962310
9789577025432
9789578446649
9789868202771
9789570914252
9789579617314
9789574961504



