9789862169650
9789866379550
9789865842802
9789862623138
9787030280237
9787550217454
9787312032035
9787560068039
9787544335935
9789864172269
9789862163450
9787115271068
9789861237671
9789571446189
9789866139048
9789571450650
9789575101336
9789861675824
9789575606749
9789576394683
9789574444489
9787504344601
9787543935914
9789866829345
9789867586858
9789579159241
9789574445844
9789576393952
9787801864284
9789866139048
9789579489928
9787562446491
9789577024640
9789577303967
9789570911893
9789578186385
9789571449333
9787303086252
9789571149059
9789867480767
9787504134257
9787504181312
9789573231448
9789577324009
9789577323453
9787567528796
9789867854667
9789867854605
9789575517410
9789577025432
9789868202771
9789573279266
9789865842796
9787115280411
9787040288957
9789570517613
9789862166635
9789579085502
9787543068773
9789575603427
9789570814118
9787504348791
9789867600790
9789867475657
9789574443697
9787801864284
9787538441987
9789867840080
9789576598302
9789571439488
9789571117850
9789868312319
9789578555839
9787504153364
9787504164964
9789865842789
9789862132432
9789864172252
9787111330950
9789575603496
9787543935822
9789574444045
9789571403212
9789571128467
9787303090143
9789577322951
9789629963880
9789573249245
9789574961504
